0 47 15 84 43 28 37 47 57 10 91 30 95 43 73 95 47 23 67 86 97 50 44 44 54 37 64 45 41 62 36
47 0 41 29 49 83 19 65 85 94 95 19 77 69 57 23 48 20 63 12 41 23 76 74 77 41 22 51 33 24 81
15 41 0 78 83 56 100 56 46 35 39 54 95 61 28 84 22 51 68 55 44 22 65 57 53 64 63 64 99 57 27
84 29 78 0 12 86 77 39 61 58 46 47 55 71 73 94 84 75 28 29 55 27 68 79 55 39 41 23 75 64 59
43 49 83 12 0 10 11 89 36 82 44 29 21 100 67 33 30 37 41 28 22 17 23 24 36 48 100 69 75 45 19
28 83 56 86 10 0 76 30 98 35 96 34 43 80 90 72 88 89 48 69 94 61 40 83 90 79 30 80 76 11 27
37 19 100 77 11 76 0 32 40 66 93 73 46 76 25 36 98 17 47 18 91 11 23 61 37 62 52 42 11 12 88
47 65 56 39 89 30 32 0 56 29 98 45 97 82 68 29 82 100 25 92 99 93 14 72 45 59 41 98 62 86 56
57 85 46 61 36 98 40 56 0 49 98 57 38 15 65 29 77 46 89 89 11 84 46 18 90 89 27 68 54 50 61
10 94 35 58 82 35 66 29 49 0 32 16 93 72 53 46 86 55 98 19 59 99 37 12 15 41 68 85 50 51 58
91 95 39 46 44 96 93 98 98 32 0 29 90 54 54 40 80 78 85 67 13 50 68 89 78 77 90 19 19 88 12
30 19 54 47 29 34 73 45 57 16 29 0 89 73 21 93 59 78 30 43 46 74 53 50 100 20 90 45 54 10 54
95 77 95 55 21 43 46 97 38 93 90 89 0 92 36 12 28 80 42 60 51 40 78 38 33 12 85 18 90 72 11
43 69 61 71 100 80 76 82 15 72 54 73 92 0 28 87 66 92 86 84 44 50 18 69 92 85 91 16 60 73 45
73 57 28 73 67 90 25 68 65 53 54 21 36 28 0 79 30 62 24 14 13 46 48 18 15 28 19 70 72 82 17
95 23 84 94 33 72 36 29 29 46 40 93 12 87 79 0 40 80 50 95 40 31 48 70 91 48 64 85 34 17 27
47 48 22 84 30 88 98 82 77 86 80 59 28 66 30 40 0 10 30 41 67 12 12 37 45 33 41 73 79 67 13
23 20 51 75 37 89 17 100 46 55 78 78 80 92 62 80 10 0 65 32 75 60 84 65 97 47 49 71 38 56 85
67 63 68 28 41 48 47 25 89 98 85 30 42 86 24 50 30 65 0 41 94 39 75 65 49 25 62 76 40 46 96
86 12 55 29 28 69 18 92 89 19 67 43 60 84 14 95 41 32 41 0 76 52 55 20 64 77 59 86 48 67 95
97 41 44 55 22 94 91 99 11 59 13 46 51 44 13 40 67 75 94 76 0 63 31 66 41 89 100 83 54 37 54
50 23 22 27 17 61 11 93 84 99 50 74 40 50 46 31 12 60 39 52 63 0 83 53 23 48 65 79 50 62 31
44 76 65 68 23 40 23 14 46 37 68 53 78 18 48 48 12 84 75 55 31 83 0 86 12 36 55 40 80 99 33
44 74 57 79 24 83 61 72 18 12 89 50 38 69 18 70 37 65 65 20 66 53 86 0 85 12 26 26 13 87 92
54 77 53 55 36 90 37 45 90 15 78 100 33 92 15 91 45 97 49 64 41 23 12 85 0 53 83 44 75 79 20
37 41 64 39 48 79 62 59 89 41 77 20 12 85 28 48 33 47 25 77 89 48 36 12 53 0 83 50 65 100 62
64 22 63 41 100 30 52 41 27 68 90 90 85 91 19 64 41 49 62 59 100 65 55 26 83 83 0 49 87 75 26
45 51 64 23 69 80 42 98 68 85 19 45 18 16 70 85 73 71 76 86 83 79 40 26 44 50 49 0 36 88 64
41 33 99 75 75 76 11 62 54 50 19 54 90 60 72 34 79 38 40 48 54 50 80 13 75 65 87 36 0 77 17
62 24 57 64 45 11 12 86 50 51 88 10 72 73 82 17 67 56 46 67 37 62 99 87 79 100 75 88 77 0 29
36 81 27 59 19 27 88 56 61 58 12 54 11 45 17 27 13 85 96 95 54 31 33 92 20 62 26 64 17 29 0
